2.189619377162629803e+02 4.580000000000000000e+02 2.049134948096885864e+02 4.580000000000000000e+02
2.189619377162629803e+02 4.120288307528030032e+02 2.189619377162629803e+02 4.218099305926321563e+02
2.049134948096885864e+02 4.112952482648158252e+02 2.049134948096885864e+02 4.218099305926321563e+02
4.069204152249135120e+01 4.000469834490123162e+02 2.930795847750864880e+01 4.000469834490123162e+02
5.643598615916954486e+01 4.000469834490123162e+02 4.408304498269895788e+01 4.000469834490123162e+02
6.128027681660899617e+01 3.826855312333155439e+02 5.110726643598615482e+01 3.826855312333155439e+02
1.039100346020761236e+02 3.826855312333155439e+02 9.397923875432525165e+01 3.826855312333155439e+02
1.664013840830449737e+02 3.826855312333155439e+02 1.564705882352941160e+02 3.826855312333155439e+02
2.572318339100345952e+02 3.670357714895889103e+02 2.572318339100345952e+02 3.858643886812600385e+02
1.257093425605536225e+02 3.543203416978109885e+02 1.257093425605536225e+02 3.636123865456486897e+02
1.257093425605536225e+02 3.394041644420715329e+02 1.257093425605536225e+02 3.499188467698879208e+02
1.215916955017301007e+02 3.154404698344901590e+02 1.111764705882352899e+02 3.154404698344901590e+02
2.572318339100345952e+02 2.359690336358782758e+02 2.572318339100345952e+02 2.459946609717031549e+02
2.422145328719723238e+02 2.357245061398825499e+02 2.422145328719723238e+02 2.459946609717031549e+02
1.937716262975778392e+01 2.323011211959423576e+02 1.937716262975778392e+01 2.420822210357715107e+02
2.422145328719723238e+02 2.183630539241858060e+02 2.422145328719723238e+02 2.283886812600106850e+02
1.937716262975778392e+01 2.144506139882541618e+02 1.937716262975778392e+01 2.247207688200747668e+02
2.572318339100345952e+02 1.618772023491724497e+02 2.572318339100345952e+02 1.719028296849973287e+02
2.572318339100345952e+02 8.142765616657769101e+01 2.572318339100345952e+02 9.169781099839829608e+01
1.019723183391003403e+02 7.629257875066738848e+01 9.204152249134948249e+01 7.629257875066738848e+01
1.351557093425605558e+02 7.629257875066738848e+01 1.184429065743944562e+02 7.629257875066738848e+01
1.683391003460207571e+02 7.629257875066738848e+01 1.576816608996539628e+02 7.629257875066738848e+01
2.800000000000000000e+02 6.308809396689802895e+01 2.800000000000000000e+02 7.384730379071010020e+01
5.885813148788927407e+01 6.015376401494928160e+01 4.941176470588234793e+01 6.015376401494928160e+01
8.065743944636678009e+01 6.015376401494928160e+01 6.249134948096885722e+01 6.015376401494928160e+01
1.664013840830449737e+02 6.015376401494928160e+01 1.562283737024221466e+02 6.015376401494928160e+01
2.516608996539792429e+02 6.015376401494928160e+01 2.385813148788927265e+02 6.015376401494928160e+01
2.313148788927335602e+02 3.007688200747464080e+01 2.313148788927335602e+02 4.059156433529097541e+01
2.766089965397923720e+02 0.000000000000000000e+00 2.666782006920415142e+02 0.000000000000000000e+00
